# TCMB logA ns H0T ombh2T tau A_planck calib_100T calib_217T A_cib_217 xi_sz_cib A_sz ksz_norm gal545_A_100 gal545_A_143 gal545_A_143_217 gal545_A_217 ps_A_100_100 ps_A_143_143 ps_A_143_217 ps_A_217_217 galf_TE_A_100 galf_TE_A_100_143 galf_TE_A_100_217 galf_TE_A_143 galf_TE_A_143_217 galf_TE_A_217
2.131517725749575327e-04 6.245457905246999046e-05 4.146832783772744116e-05 7.550283477660954708e-03 1.381179731834859245e-06 4.974516763759462095e-05 3.278446970118524207e-06 2.334245885153122681e-08 -1.763797442312477168e-07 -2.661091113302165804e-03 1.544979232836150569e-04 5.680922526200725062e-04 -1.209156270505804898e-03 2.581861524968087304e-04 -7.559257348629147251e-04 -1.271370594821816333e-03 -1.179614518374833563e-03 -2.077212047541628082e-02 -1.159864556368196860e-02 -5.104062391570861161e-03 -2.617676008047164701e-03 -4.489685842064585066e-06 -2.170471382138890073e-06 -4.988160140327842605e-07 -1.397178615257143930e-05 -4.725895533094956176e-05 -1.718700276497646862e-04
6.245457905246999046e-05 2.062391860309537050e-04 1.273268361047720198e-05 2.264467941753487736e-03 5.167557812262436366e-07 1.004026415643074902e-04 8.441954624749725336e-06 -3.358272664199146899e-09 -1.842866799490084495e-07 -1.621638591402760430e-03 1.489165304700352437e-04 9.523708272135608785e-05 -1.011964411476965961e-03 3.606632401165176107e-05 -7.740330735232217249e-04 -1.730780764627099606e-03 -1.043473657204136221e-03 -1.208993888761597524e-02 -5.735528604558000169e-03 -6.436767567418687479e-04 2.368878500706027897e-03 1.336728796385883547e-06 4.680837655154286252e-06 -2.069227373312765758e-06 2.277221610836690909e-06 -3.557500298520921124e-05 1.017013851626770625e-05
4.146832783772744116e-05 1.273268361047720198e-05 1.671788887943524243e-05 1.462328006726593826e-03 2.543560735120934136e-07 1.174164005422695505e-05 5.533424861934989812e-07 -5.282818469489329720e-08 -1.033007029187180179e-07 -4.149831347846991321e-03 1.267848508248015473e-04 7.542887547488441374e-04 -2.028003329748193171e-03 3.505511680497705495e-04 -4.692209182646312274e-04 -6.278021025537184512e-04 6.351728503929142183e-04 -2.237239125118809652e-02 -6.387323941240688127e-03 1.427572997580710528e-03 4.204598092491566852e-03 -2.134020269651742530e-07 4.097527503185757051e-07 1.477479856891722643e-06 -1.083514447888103329e-06 -6.559443577680049121e-06 -1.932432390819011539e-05
7.550283477660954708e-03 2.264467941753487736e-03 1.462328006726593826e-03 2.715806714955110723e-01 5.506474420653712084e-05 1.756430249100138100e-03 1.124757247360209348e-04 6.021348672440397002e-07 -7.052523948153457672e-06 -1.159942099056540804e-01 5.750897127387548900e-03 2.637672252247634519e-02 -5.475224357768601613e-02 1.008660251758228439e-02 -2.863003277194741195e-02 -5.051452800980382740e-02 -4.425129278619725076e-02 -8.744543974897569516e-01 -4.691323943425579346e-01 -1.902408506801175070e-01 -8.172978887548258686e-02 -1.247915995581104802e-04 -5.599583840073471010e-05 -1.078180642392835467e-04 -5.373077524132673219e-04 -1.771976437043217781e-03 -6.694623246774581912e-03
1.381179731834859245e-06 5.167557812262436366e-07 2.543560735120934136e-07 5.506474420653712084e-05 2.174690171857345347e-08 3.269204977543986926e-07 1.921299871146807103e-08 4.960206010857324508e-10 -2.725172827449043649e-09 -7.308747241080165312e-05 2.132312920360732027e-06 1.693932612578403018e-05 -3.407491315917684062e-05 4.288847197345012107e-06 -9.446617785920707807e-06 -2.178083887957247739e-05 -1.367637098277174868e-05 -4.413521589202213822e-04 -2.147913192400961204e-04 -5.333313145994032436e-05 1.356260386896173690e-05 1.635223642092635828e-08 -1.511844181068301312e-08 -1.495792356019579907e-07 -1.960080409119467500e-07 -5.160493555205294945e-07 -2.176310331595368573e-06
4.974516763759462095e-05 1.004026415643074902e-04 1.174164005422695505e-05 1.756430249100138100e-03 3.269204977543986926e-07 5.747994918833765967e-05 -1.330097482178131827e-06 -5.033960430756671477e-08 -6.652431776578958934e-08 -1.326073149951667281e-03 6.785054610570115624e-05 1.573212623045794041e-04 -4.028829085753840599e-04 2.562976311363591064e-04 -3.033190828516926568e-04 -6.911277921470368067e-04 -9.921334668243886844e-04 -1.086033099157973116e-02 -4.808740196333530746e-03 -1.914395138418391274e-03 -1.402552219234807877e-03 1.071593904560915967e-06 2.288461365191992426e-06 6.618849202338109529e-07 -2.197174382542050622e-06 -2.428200314282349766e-05 -1.917014212442375574e-05
3.278446970118524207e-06 8.441954624749725336e-06 5.533424861934989812e-07 1.124757247360209348e-04 1.921299871146807103e-08 -1.330097482178131615e-06 5.901129128314565930e-06 -1.749436657840422209e-08 -3.998229989073170090e-08 5.640483610254398402e-04 1.262194843670116981e-05 -4.650343050032916320e-05 2.661221846311728154e-05 -3.432812334297479114e-05 7.324747771692789039e-05 -5.843065276681364657e-05 6.092475912615565774e-04 3.568912237890073565e-03 6.139704456245124748e-04 4.526950424352893607e-04 1.336736361924173834e-03 -1.259691623114994659e-06 -6.192153613125463850e-08 -1.083814116433329632e-06 2.319392606220146241e-06 2.566700093104205534e-06 1.334871307410030266e-05
2.334245885153122681e-08 -3.358272664199146899e-09 -5.282818469489329720e-08 6.021348672440397002e-07 4.960206010857324508e-10 -5.033960430756671477e-08 -1.749436657840422209e-08 3.726511410847017609e-07 -2.172691735448898765e-09 -1.597151648688626194e-04 3.368064467251900772e-06 1.075237734152268484e-04 -9.443816034999976392e-05 1.734600055058470899e-04 -1.907595830769841640e-04 -4.559576669608756463e-05 2.484277840528465717e-05 3.833431697002735901e-03 1.424657096241509029e-04 4.959333219358695068e-04 4.763213663484754091e-04 2.246951440247188906e-07 1.893314320806646633e-07 7.556334086934887951e-08 4.764734681432956984e-07 -1.376864678172859768e-07 5.536499189533291283e-07
-1.763797442312477168e-07 -1.842866799490084495e-07 -1.033007029187180179e-07 -7.052523948153457672e-06 -2.725172827449043649e-09 -6.652431776578958934e-08 -3.998229989073170090e-08 -2.172691735448898765e-09 3.970213835070735525e-07 7.592951275989893176e-04 -2.320103479878768357e-06 -1.665711296952553574e-05 -2.075955182904960639e-06 8.072428341792992450e-06 -2.814036154356167846e-05 4.272766226181849616e-04 9.268828560508379300e-04 4.885533265085094346e-04 1.232275741592827039e-04 -3.124532747666704875e-04 -1.394266418455221120e-03 1.951471095652259778e-07 -2.485741476102390272e-07 4.454608666666699184e-07 -5.370365108783403331e-07 6.468224040029848942e-07 3.000988339340613856e-06
-2.661091113302166238e-03 -1.621638591402760430e-03 -4.149831347846991321e-03 -1.159942099056540804e-01 -7.308747241080165312e-05 -1.326073149951667281e-03 5.640483610254399486e-04 -1.597151648688626194e-04 7.592951275989893176e-04 4.444244647785869518e+01 -4.207545981100915267e-01 -6.224085728818942176e-01 -4.163878221565315840e-01 2.224361036898736543e-01 4.935679241960908570e-01 -5.961870853869468689e+00 -3.357464332498580006e+01 3.118914895597551151e+01 8.580995178187627026e-01 -1.327690490567169057e+01 -5.503472445320442574e+01 7.099694794729984873e-04 -3.016401107184075569e-03 -1.005318646632848839e-02 -7.020443683128928768e-03 -7.984607581242294866e-04 5.695765302610881001e-03
1.544979232836150569e-04 1.489165304700352437e-04 1.267848508248015473e-04 5.750897127387548033e-03 2.132312920360732027e-06 6.785054610570116979e-05 1.262194843670116981e-05 3.368064467251900772e-06 -2.320103479878768781e-06 -4.207545981100915267e-01 8.091265330933772315e-02 -3.182748490085973020e-02 2.778742228491586433e-02 -3.042340261160415490e-03 1.893473016143620846e-02 1.358327767749281101e-01 1.965818418061010542e-01 -6.174415910007904351e-01 9.145254181801890647e-01 1.732899963906124441e+00 6.897018377956615209e-01 1.571840174720556403e-04 4.755371162215589313e-05 1.592863205570040156e-05 3.374465501452334810e-05 1.864302481585127706e-04 4.936518846218437753e-04
5.680922526200723978e-04 9.523708272135616916e-05 7.542887547488442458e-04 2.637672252247634519e-02 1.693932612578403018e-05 1.573212623045793499e-04 -4.650343050032916320e-05 1.075237734152268484e-04 -1.665711296952553235e-05 -6.224085728818941066e-01 -3.182748490085973020e-02 3.664881636708150481e+00 -2.549112203241351349e+00 -2.603234682756247476e-01 8.109361225336859935e-02 2.469976955923534057e+00 2.974788454057271991e+00 -2.909438831354454180e+01 -2.993095082328200540e+00 7.429820566736792919e+00 4.760504975445496889e+00 1.048501100762760626e-03 4.596839644091024464e-04 5.382017115302040926e-04 -2.497580150534450469e-03 -1.728182865089978936e-05 -1.235761954834607712e-02
-1.209156270505804464e-03 -1.011964411476965961e-03 -2.028003329748192737e-03 -5.475224357768601613e-02 -3.407491315917683385e-05 -4.028829085753840599e-04 2.661221846311728154e-05 -9.443816034999976392e-05 -2.075955182904960639e-06 -4.163878221565317506e-01 2.778742228491585739e-02 -2.549112203241351349e+00 5.566687389521709051e+00 1.352692218480664454e-01 -1.279663018498580218e-01 -1.888558339314893031e+00 -1.933722126506319583e+00 1.222107319986003482e+01 -4.859533126368649647e+00 -1.142253651253136937e+01 -8.471833725547959659e+00 -1.529819921467927106e-03 2.406520483942691684e-04 2.027817151598203021e-04 1.406936266152779844e-03 -2.535746626553653325e-03 7.862655341859547259e-03
2.581861524968086219e-04 3.606632401165176107e-05 3.505511680497705495e-04 1.008660251758228613e-02 4.288847197345012107e-06 2.562976311363591064e-04 -3.432812334297477759e-05 1.734600055058470899e-04 8.072428341792995838e-06 2.224361036898736543e-01 -3.042340261160416358e-03 -2.603234682756247476e-01 1.352692218480664454e-01 3.397472606908661152e+00 5.302104094691968417e-01 9.419050330710219618e-03 -1.010428392671730013e-01 -6.072803485197107776e+00 -3.451788612960339786e-01 -8.261647125215104692e-01 -7.572647787555717436e-01 -5.566011262649603938e-04 -2.090236622867195466e-04 -8.298369839437881557e-05 -1.025602221187239989e-03 -3.736633026425116490e-03 -1.404545666882957430e-04
-7.559257348629148335e-04 -7.740330735232217249e-04 -4.692209182646312274e-04 -2.863003277194741888e-02 -9.446617785920707807e-06 -3.033190828516925484e-04 7.324747771692789039e-05 -1.907595830769841640e-04 -2.814036154356167846e-05 4.935679241960908570e-01 1.893473016143620846e-02 8.109361225336859935e-02 -1.279663018498580218e-01 5.302104094691968417e-01 3.128450710049190508e+00 2.565011211516398326e+00 2.565355510873436273e+00 6.195019432218507482e+00 -1.112282336820402007e+00 -5.440493055727871896e-01 -1.175579835910941728e+00 -1.084241971922137202e-04 -4.750410396511405464e-04 -6.362955273162737005e-04 -1.170597243891729946e-03 -3.954799338595010806e-04 -4.078143280098705734e-03
-1.271370594821816333e-03 -1.730780764627099606e-03 -6.278021025537184512e-04 -5.051452800980382740e-02 -2.178083887957247739e-05 -6.911277921470368067e-04 -5.843065276681366690e-05 -4.559576669608756463e-05 4.272766226181849616e-04 -5.961870853869468689e+00 1.358327767749281101e-01 2.469976955923534057e+00 -1.888558339314893031e+00 9.419050330710236965e-03 2.565011211516398770e+00 1.061409937116075319e+01 1.921314756162283643e+01 -9.852832835872145978e+00 4.205200582731278836e+00 5.386001346823451996e+00 5.501868760025225846e+00 1.691826077623528055e-03 1.207688464897485039e-03 -7.984919073207480704e-04 -3.853111541096427423e-04 1.030320123957451876e-03 -2.826938250278899578e-04
-1.179614518374833563e-03 -1.043473657204136221e-03 6.351728503929142183e-04 -4.425129278619725076e-02 -1.367637098277174529e-05 -9.921334668243886844e-04 6.092475912615565774e-04 2.484277840528465717e-05 9.268828560508379300e-04 -3.357464332498580006e+01 1.965818418061010542e-01 2.974788454057271547e+00 -1.933722126506319139e+00 -1.010428392671730013e-01 2.565355510873435829e+00 1.921314756162283643e+01 5.389715355019000498e+01 -1.788824778559643747e+01 5.743643370636171142e+00 8.959739735636551572e+00 3.360633608773057546e+01 8.807097383202653045e-04 3.451452622760105456e-03 5.392080724369768645e-03 4.086779609871686592e-03 3.973942078455161044e-03 1.801551073432635167e-02
-2.077212047541628082e-02 -1.208993888761597524e-02 -2.237239125118809652e-02 -8.744543974897569516e-01 -4.413521589202213822e-04 -1.086033099157973116e-02 3.568912237890073565e-03 3.833431697002735901e-03 4.885533265085094346e-04 3.118914895597551151e+01 -6.174415910007905461e-01 -2.909438831354454180e+01 1.222107319986003304e+01 -6.072803485197107776e+00 6.195019432218507482e+00 -9.852832835872145978e+00 -1.788824778559643747e+01 7.770649409456511876e+02 6.762732617278621206e+01 -5.320291195257627237e+01 -5.274617219103188859e+01 -8.809843892231730700e-03 -7.028623650381750528e-03 -1.487426315686534925e-02 1.164449443269272022e-02 1.685794513846005250e-03 -2.269468575904240275e-03
-1.159864556368196860e-02 -5.735528604558000169e-03 -6.387323941240688127e-03 -4.691323943425579346e-01 -2.147913192400961204e-04 -4.808740196333530746e-03 6.139704456245124748e-04 1.424657096241509029e-04 1.232275741592827039e-04 8.580995178187627026e-01 9.145254181801890647e-01 -2.993095082328200540e+00 -4.859533126368649647e+00 -3.451788612960339231e-01 -1.112282336820402007e+00 4.205200582731278836e+00 5.743643370636171142e+00 6.762732617278621206e+01 6.041781571831575093e+01 3.950212255835101871e+01 1.541312028622194674e+01 -1.758711349177872530e-04 -1.011343877760496933e-03 -6.178781306352118530e-03 6.995044830738398819e-03 1.258673594863259776e-02 1.813456581160232534e-02
-5.104062391570861161e-03 -6.436767567418685311e-04 1.427572997580710528e-03 -1.902408506801175070e-01 -5.333313145994030403e-05 -1.914395138418391274e-03 4.526950424352893607e-04 4.959333219358696152e-04 -3.124532747666704875e-04 -1.327690490567169057e+01 1.732899963906124441e+00 7.429820566736792919e+00 -1.142253651253136937e+01 -8.261647125215105802e-01 -5.440493055727871896e-01 5.386001346823451996e+00 8.959739735636551572e+00 -5.320291195257625816e+01 3.950212255835101871e+01 8.430459384670159295e+01 5.186009404677332668e+01 3.489110277929057934e-03 1.278960885307103661e-03 2.895268183157039335e-03 -4.002139564113526876e-04 1.828231845170026279e-02 -1.096042208501461085e-02
-2.617676008047164701e-03 2.368878500706028331e-03 4.204598092491566852e-03 -8.172978887548258686e-02 1.356260386896173520e-05 -1.402552219234808094e-03 1.336736361924173834e-03 4.763213663484754091e-04 -1.394266418455221120e-03 -5.503472445320442574e+01 6.897018377956615209e-01 4.760504975445496889e+00 -8.471833725547959659e+00 -7.572647787555716326e-01 -1.175579835910941728e+00 5.501868760025225846e+00 3.360633608773057546e+01 -5.274617219103187438e+01 1.541312028622194852e+01 5.186009404677332668e+01 1.027993428007120116e+02 -1.221066748800751474e-03 2.287011375444602743e-03 1.505792008880625817e-02 9.810266064674852057e-03 1.424340104993604417e-02 -2.091486394287317419e-02
-4.489685842064581678e-06 1.336728796385882488e-06 -2.134020269651742530e-07 -1.247915995581105073e-04 1.635223642092635828e-08 1.071593904560915967e-06 -1.259691623114994871e-06 2.246951440247188906e-07 1.951471095652259778e-07 7.099694794729991378e-04 1.571840174720556403e-04 1.048501100762760409e-03 -1.529819921467927106e-03 -5.566011262649603938e-04 -1.084241971922132730e-04 1.691826077623528055e-03 8.807097383202638951e-04 -8.809843892231725496e-03 -1.758711349177848678e-04 3.489110277929058802e-03 -1.221066748800749956e-03 1.466851316447623449e-03 2.628108666225527855e-04 7.076520401206081638e-05 -3.934671869867673705e-04 -9.868530803988130335e-05 -7.215484673512401973e-05
-2.170471382138888803e-06 4.680837655154286252e-06 4.097527503185757051e-07 -5.599583840073472365e-05 -1.511844181068301643e-08 2.288461365191991579e-06 -6.192153613125467821e-08 1.893314320806646898e-07 -2.485741476102390272e-07 -3.016401107184075569e-03 4.755371162215591346e-05 4.596839644091022296e-04 2.406520483942691684e-04 -2.090236622867195466e-04 -4.750410396511401670e-04 1.207688464897485039e-03 3.451452622760105456e-03 -7.028623650381750528e-03 -1.011343877760497150e-03 1.278960885307103661e-03 2.287011375444603176e-03 2.628108666225527855e-04 8.737939585647040534e-04 2.732080836081704804e-05 7.174207813876284012e-04 3.698701634705085946e-05 -6.886877813026377141e-04
-4.988160140327832017e-07 -2.069227373312767876e-06 1.477479856891722855e-06 -1.078180642392835738e-04 -1.495792356019579642e-07 6.618849202338132822e-07 -1.083814116433329208e-06 7.556334086934883981e-08 4.454608666666699184e-07 -1.005318646632849013e-02 1.592863205570037785e-05 5.382017115302040926e-04 2.027817151598200311e-04 -8.298369839437844966e-05 -6.362955273162738089e-04 -7.984919073207480704e-04 5.392080724369768645e-03 -1.487426315686534058e-02 -6.178781306352119397e-03 2.895268183157041070e-03 1.505792008880626164e-02 7.076520401206082994e-05 2.732080836081704804e-05 7.220358683886205983e-03 -2.756414665603037638e-04 6.025486850176487840e-04 4.634697806257772473e-03
-1.397178615257143930e-05 2.277221610836674392e-06 -1.083514447888103117e-06 -5.373077524132669966e-04 -1.960080409119467500e-07 -2.197174382542024788e-06 2.319392606220146664e-06 4.764734681432954866e-07 -5.370365108783406507e-07 -7.020443683128886267e-03 3.374465501452334810e-05 -2.497580150534449601e-03 1.406936266152780278e-03 -1.025602221187241290e-03 -1.170597243891729946e-03 -3.853111541096447480e-04 4.086779609871687459e-03 1.164449443269275838e-02 6.995044830738399687e-03 -4.002139564113380509e-04 9.810266064674850323e-03 -3.934671869867666658e-04 7.174207813876284012e-04 -2.756414665603042517e-04 2.901635728242767803e-03 5.044381441567428147e-04 -9.931444041778585575e-04
-4.725895533094956854e-05 -3.557500298520920447e-05 -6.559443577680049121e-06 -1.771976437043217781e-03 -5.160493555205294945e-07 -2.428200314282349766e-05 2.566700093104205534e-06 -1.376864678172858974e-07 6.468224040029848942e-07 -7.984607581242302455e-04 1.864302481585126893e-04 -1.728182865089942345e-05 -2.535746626553653325e-03 -3.736633026425116490e-03 -3.954799338595010806e-04 1.030320123957452526e-03 3.973942078455161911e-03 1.685794513846003732e-03 1.258673594863259429e-02 1.828231845170026626e-02 1.424340104993604417e-02 -9.868530803988128980e-05 3.698701634705086624e-05 6.025486850176487840e-04 5.044381441567428147e-04 6.538182520159924703e-03 7.996592085102798356e-03
-1.718700276497647133e-04 1.017013851626770286e-05 -1.932432390819011539e-05 -6.694623246774581912e-03 -2.176310331595368573e-06 -1.917014212442374896e-05 1.334871307410030266e-05 5.536499189533291283e-07 3.000988339340612162e-06 5.695765302610884470e-03 4.936518846218443174e-04 -1.235761954834607712e-02 7.862655341859547259e-03 -1.404545666882958243e-04 -4.078143280098707468e-03 -2.826938250278877894e-04 1.801551073432635167e-02 -2.269468575904235938e-03 1.813456581160231840e-02 -1.096042208501461605e-02 -2.091486394287318112e-02 -7.215484673512404684e-05 -6.886877813026377141e-04 4.634697806257772473e-03 -9.931444041778585575e-04 7.996592085102798356e-03 7.224948086476341846e-02
